exercisedb=# SELECT * FROM orders
exercisedb-# ;
 id | customer_id | amount
----+-------------+--------
  1 |           6 |  63.35
  2 |           5 |  55.42
  3 |           7 |   91.7
  4 |           4 |  49.52
  5 |           4 |   4.81
  6 |           5 |  65.82
  7 |           4 |  25.91
  8 |           8 |  64.59
  9 |           3 |  68.89
 10 |           7 |  85.04
 11 |           1 |  19.67
 12 |           6 |  29.74
 13 |           5 |  61.56
 14 |           6 |  30.24
 15 |           1 |   5.67
 16 |           9 |  31.45
 17 |           2 |   1.69
 18 |          10 |  30.91
 19 |           3 |  97.11
 20 |           2 |    5.4
 21 |           1 |  55.97
 22 |           4 |  44.42
 23 |          10 |  80.77
 24 |           7 |  11.16
 25 |          10 |  26.37
 26 |           1 |  39.48
 27 |           9 |  13.33
 28 |           4 |  19.72
 29 |           6 |  73.06
 30 |          10 |  81.17
 31 |          10 |  56.66
 32 |           4 |  84.81
 33 |           6 |  36.94
 34 |           6 |  35.54
 35 |           3 |  94.27
 36 |           5 |  81.47
 37 |           7 |  86.86
 38 |           4 |  58.23
 39 |           5 |  52.57
 40 |          10 |  34.62
 41 |           1 |  35.28
 42 |           3 |  77.16
 43 |           8 |  37.08
 44 |           8 |   99.0
 45 |           7 |   37.9
 46 |          10 |   3.05
 47 |           8 |  31.07
 48 |           7 |  80.36
 49 |           3 |   50.1
 50 |           5 |   59.5
(50 rows)
